0.332785
8.57256
4.21715
2.63446
0.753992
7.91191
0.993856
2.61786
3.27061
8.54444
4.38685
7.72769
1.41496
7.08374
8.65267
3.66549
10.1665
6.33262
7.61419
4.3774
3.32796
8.76851
8.66251
1.43862
1.02413
5.28188
6.24855
8.65153
9.19683
3.67148
2.14085
2.10951
2.30524
4.14657
4.87322
7.15715
9.35112
6.59858
7.19334
6.87542
8.63122
5.1558
5.64931
2.82497
1.79617
1.8492
3.30235
9.26425
0.885015
2.65779
4.94249
9.67469
7.52788
4.58682
4.23138
4.54163
3.00579
2.64929
5.85811
2.05612
0.022506
4.3233
9.9513
1.48142
7.9053
3.90278
9.6165
8.0494
10.0704
10.1164
8.1643
0.379424
6.49833
1.88861
6.97012
7.71681
8.78853
2.75616
3.09834
4.62806
9.0405
6.08137
5.35734
1.24324
6.92845
1.9922
5.89917
10.2466
6.631
8.97365
6.88234
8.02459
9.49505
4.12112
8.1465
2.12988
5.16573
6.13686
0.083659
8.42371
0.127283
3.58675
7.82471
10.8294
11.9996
11.9368
11.1686
11.1084
12.3355
10.8806
7.51945
0.633166
12.0357
2.94361
0.144237
6.81149
9.77895
10.549
3.48618
7.26488
5.11913
2.06405
9.56951
8.86953
7.78242
8.29839
9.89054
7.08085
5.3249
2.82323
6.71482
1.09439
5.20399
2.67256
5.6595
10.9573
11.0515
1.76909
6.22907
9.57764
11.7728
10.937
3.21136
8.44482
12.1703
3.47824
10.403
1.66823
12.0724
3.67339
7.27312
10.3015
2.23625
5.03408
9.02577
10.1878
9.9934
2.06516
7.70981
6.77777
3.23908
0.534115
7.70543
9.52549
0.525404
1.00003
1.3651
8.54634
2.2925
8.34752
3.06968
7.98641
4.00858
7.66901
5.98414
0.51039
5.85752
8.90639
1.51221
5.27978
3.02223
4.5312
4.44705
1.21989
5.1804
0.714404
4.93103
8.87771
11.6475
7.42887
9.41617
3.45127
10.1053
1.96466
2.07616
4.98857
8.97368
1.01116
5.05225
0.883473
0.940087
0.767291
6.42694
6.58603
4.05946
7.4652
2.95052
5.62538
0.575809
2.67891
5.57074
7.15503
8.65125
1.05514
8.81705
7.13281
9.62211
9.85095
2.50528
5.47382
3.33444
3.30298
5.29124
0.353938
9.21313
11.856
4.42393
3.93536
1.74195
3.86073
2.21299
8.90231
7.94153
0.983619
7.26344
0.557446
6.71831
9.54119
3.813
1.73073
0.141529
3.76811
6.28701
1.31275
12.2406
3.24867
10.4868
11.6936
11.6714
11.0087
12.0213
0.584847
3.22864
12.3038
9.35398
10.7504
7.39849
10.0562
5.85213
4.84625
10.2563
11.1066
11.5
10.2571
4.8674
1.58234
4.83058
7.56675
0.890381
3.24218
1.63166
9.08715
2.09974
7.6907
0.473573
5.67767
1.66811
9.97753
1.27195
0.5835
5.36362
1.64873
6.79311
4.62942
5.97811
5.66912
6.80067
3.01217
4.1478
4.48323
8.34835
6.93133
6.904
6.63561
0.361959
1.91461
7.34556
5.73109
1.17625
2.1835
5.37447
8.85068
3.09462
7.23621
9.84657
5.45038
7.71455
6.53709
8.68256
1.33637
3.37471
8.23605
4.92462
7.81206
6.21959
4.90025
1.83152
10.1706
0.605825
9.74212
10.3269
12.3082
1.20061
11.1797
7.162
11.5205
10.2164
0.76882
5.75298
5.74086
3.24295
5.08544
8.31934
4.33898
9.23541
8.23116
3.13414
7.5732
1.55781
7.4107
0.950746
3.2789
8.58943
2.40456
5.80081
4.2254
5.87134
7.0998
7.22389
1.47836
9.32548
8.57682
6.90439
8.33791
5.66925
2.63106
5.19854
1.69877
4.09522
9.26613
8.84165
8.42492
7.50916
7.09628
10.0499
3.90133
2.66284
8.72713
1.19419
5.85787
8.77271
10.7726
12.3075
5.13983
5.27515
7.74191
6.4473
0.012847
7.27936
12.1016
3.17111
9.48327
3.68872
4.05068
3.16128
10.1916
9.11157
1.40631
3.36612
1.68894
5.81658
2.57362
2.6122
2.48812
7.46384
1.995
6.474
6.67708
4.45596
5.18695
10.0174
9.11164
9.53087
7.91542
10.7876
5.82853
3.81117
1.954
6.26585
4.32759
6.98407
0.095698
3.81074
5.43542
2.67508
9.43545
2.7852
2.81301
0.345544
2.34909
2.32704
10.9668
8.12336
6.04664
6.27205
5.93978
6.48265
6.82209
8.69486
8.74841
2.17086
8.90548
3.48148
7.24869
1.94792
7.22528
4.60906
6.88722
9.64964
2.05839
4.63119
8.33645
2.75761
8.49164
9.24772
9.18416
2.2279
2.5974
8.77526
0.535754
0.336319
7.03338
8.80007
9.49905
2.88293
5.36925
0.539412
8.12337
3.86319
1.22056
11.5516
10.0153
12.0882
10.7715
12.0732
11.5293
11.4586
12.3418
12.2448
12.3779
10.8177
12.2945
4.64933
9.16252
9.485
1.23382
1.88777
6.32674
10.1629
4.71164
8.86389
8.52174
1.99408
4.37348
4.20911
4.61599
9.3955
1.55896
7.38481
2.84865
7.95993
9.42705
7.65435
2.82327
10.0727
12.1802
5.21498
6.79017
11.8784
3.75221
12.0451
10.1358
11.2715
7.57716
7.32118
0.382693
1.77018
9.42409
9.64282
5.71185
5.17866
4.50403
1.74583
4.77571
6.19924
5.57394
5.17724
1.19306
7.80884
9.29805
3.08391
1.24854
1.1523
1.32374
9.7661
3.99899
1.13224
9.61545
0.492292
8.16221
9.2682
4.12694
7.88488
3.21685
2.47724
6.9824
2.21124
0.729991
2.69713
1.67189
7.97432
6.48159
5.10068
6.60431
6.67024
8.23938
8.31254
3.76479
8.33193
2.50519
7.96722
3.69916
5.41534
9.32138
6.87015
2.97894
3.71955
7.21684
3.67375
5.23048
2.2171
7.15314
2.02487
4.84976
9.24559
9.75324
1.21515
3.86626
3.64545
1.40555
6.30177
2.46358
7.47963
6.95554
2.30464
6.61786
1.21546
8.62961
0.775227
6.5855
9.31054
2.1594
9.93426
7.21525
5.96334
8.31193
2.84896
9.82011
3.13197
4.6883
4.91301
4.17351
7.68296
5.87667
0.765683
5.24844
3.94729
7.27715
7.04626
1.15125
7.32438
8.44382
2.21886
10.4761
11.9644
0.455074
10.4557
10.5581
0.147452
11.1906
10.0714
11.7465
11.0177
10.5591
10.8703
11.0466
11.4061
10.4959
11.8969
11.6103
11.8155
2.30713
11.3598
12.0538
10.7159
0.164698
11.1481
0.574298
0.441935
10.6216
4.5142
0.085765
8.52797
7.66617
0.34255
7.76992
10.4761
0.554252
7.65531
4.62312
0.030468
3.21235
9.37557
10.7848
10.6912
9.92536
7.85694
4.53164
7.37004
9.582
4.49121
5.17675
7.93522
8.90741
7.09817
5.32853
3.53196
8.07342
9.94797
9.38807
2.18184
7.61983
5.61733
6.24107
3.10231
11.8371
10.799
12.0297
12.2275
10.636
12.3887
4.5818
8.29416
5.4812
5.35252
7.5126
10.0864
10.0745
2.40081
10.0068
1.67677
1.47609
2.30284
2.28
8.5288
5.11794
4.91081
5.54423
3.49895
8.06015
6.55765
9.20197
3.19217
6.77832
6.41697
4.17784
8.81591
1.18064
5.57445
2.0831
4.49844
1.55688
1.07679
2.26727
6.33793
2.77087
6.32151
8.83633
7.32557
5.66463
2.15982
4.27751
1.27165
3.35016
1.82997
3.21037
1.74103
2.98936
3.82323
4.45679
8.80529
3.43732
9.07866
4.07781
1.04677
9.68411
3.80475
0.551457
9.79508
3.33903
5.11282
0.618901
2.86583
7.25573
5.69677
9.70172
2.17567
4.87456
10.5425
6.67702
12.3215
11.1125
11.0214
11.527
11.5316
11.4663
0.509787
12.0129
0.507944
11.9385
4.46659
11.5872
11.9213
11.4631
11.8062
7.48619
0.076792
11.5019
0.633679
1.10387
8.9301
10.1353
5.77762
6.43266
11.096
7.35321
6.91992
8.67984
10.2421
8.0833
8.17376
5.41235
11.7172
9.41054
11.0053
10.5244
6.30566
0.532866
9.31991
5.67666
10.8496
0.372137
8.79712
5.15879
9.41632
5.01233
0.668146
7.89216
1.96001
1.68171
2.07065
5.46125
9.20489
2.73781
3.5099
2.02522
8.43004
4.78322
6.02109
11.2908
9.69823
9.73614
1.01813
0.042314
9.98081
11.3037
10.4717
7.1154
9.53161
5.60464
8.15254
9.57605
7.35898
6.14495
5.67236
7.40292
3.43498
6.15658
8.52421
8.62495
2.13026
8.31062
4.21941
3.07592
5.23864
7.37991
8.65034
4.1264
6.7102
5.14572
2.98234
4.87969
7.65253
5.97059
5.32378
10.7537
4.10222
4.30945
3.4281
5.53479
9.03155
12.0665
0.575736
6.71251
8.44464
5.79913
10.0707
1.3109
8.96722
3.07149
4.80022
1.50594
7.71715
5.3603
9.47185
4.61649
1.60373
6.99562
5.2343
7.06804
9.31149
8.11351
2.15138
8.71231
3.07421
3.34659
4.6871
5.06088
6.02163
0.613166
7.79419
7.0542
7.03229
3.58174
3.63146
3.21691
3.0908
2.22838
6.52158
5.04587
7.48861
9.28734
0.806247
10.2933
0.071103
8.03455
9.42634
11.6434
0.445562
0.550703
0.841876
6.46678
6.95962
7.03684
6.11808
9.8475
8.35801
9.98097
10.5952
10.5144
12.0404
10.5327
12.0583
10.4555
4.53995
9.18633
0.936219
7.87139
6.99624
1.16251
5.27227
5.43942
7.49142
3.42701
6.97412
4.97444
4.76432
0.831956
0.403795
3.74431
5.36447
3.61738
3.72563
3.15119
2.2198
7.8118
6.15362
11.9808
10.3246
0.548149
0.069321
2.5215
6.01211
11.8146
2.1566
5.78239
1.74092
4.21651
6.93665
6.49196
6.19711
2.0677
6.86984
8.49053
1.76721
9.63842
4.23999
5.631
8.67437
2.81397
11.4242
0.049714
10.7258
9.26672
0.700883
8.59187
10.4754
4.02469
9.5989
0.646149
5.03899
5.80706
10.7944
3.50661
5.2105
3.64893
6.3158
10.0313
10.2019
9.20093
4.82149
6.3169
1.12852
5.54409
3.52378
7.21028
3.29925
7.7294
0.267814
10.1262
4.02946
9.31667
3.34272
10.0525
0.92615
3.31054
9.74224
1.17424
7.83454
9.15621
5.4988
7.20411
7.73942
9.88907
2.21508
4.96812
6.44472
4.95549
7.69965
9.13818
