0.734015
4.75979
0.440437
0.856223
3.31163
4.05368
1.354
9.24152
0.973353
5.18418
8.08277
4.03253
5.28407
4.62231
9.67721
7.93154
10.3247
8.30047
8.98356
4.40581
2.8226
3.01362
6.7533
3.45628
6.07493
7.15331
6.14217
9.86198
6.18956
4.87837
8.14069
2.17016
5.32873
9.8304
7.95501
6.36424
0.136733
4.91977
3.12708
6.1606
2.86965
4.10578
2.70373
9.25159
2.75856
6.53506
5.46436
4.23234
8.25252
4.76308
2.90466
5.7741
3.19614
3.7409
9.02812
8.6075
6.929
5.72656
6.65588
8.10164
5.71676
6.73982
3.30197
3.67571
3.39163
2.24463
5.88796
9.9787
4.07433
4.63442
9.93726
1.46019
3.24021
1.33598
4.50049
11.213
8.47665
4.65951
5.73339
6.03702
3.36202
5.67781
9.93154
3.04862
6.97528
6.98476
8.5872
11.4298
9.94932
10.6497
10.8944
11.233
11.4402
11.2992
12.0218
5.89962
10.4522
11.122
7.49288
7.65205
0.006063
0.381831
11.8926
6.75993
0.585643
10.0883
0.651681
2.22991
7.16407
1.83089
10.3462
8.32274
11.5052
0.201011
4.60329
0.141042
10.2375
5.95704
0.524378
0.762302
9.52032
3.14924
6.76875
2.44252
8.99228
7.86082
3.11966
5.49981
5.24098
1.79882
10.0462
3.68431
0.269058
10.255
5.11438
12.0279
9.20488
12.2551
11.1548
5.38633
9.58951
4.55639
7.91712
1.49992
6.31263
0.301391
7.74822
11.4437
10.8665
9.2898
10.9166
9.42988
11.4652
10.5691
10.3079
8.28998
2.53803
8.40464
1.96799
9.94162
6.63504
7.40433
2.2473
7.05877
0.638072
1.63955
2.57945
6.59474
8.10859
5.48701
2.92123
4.46738
7.00554
2.95926
4.54014
3.85874
3.28892
6.44183
8.48489
5.98078
8.60209
2.86818
1.38761
10.1693
10.0039
7.29032
8.40076
11.264
10.9383
4.59504
7.29965
8.8119
0.834908
0.596089
5.58266
3.82536
5.13889
4.00539
4.98083
4.63589
2.56784
5.41419
1.57273
8.87013
7.14673
8.56906
6.65308
5.95956
3.95408
4.1494
7.39368
6.04167
5.84551
1.00885
5.17511
0.927308
3.79418
1.37906
0.563249
10.0615
6.6793
8.71851
11.2972
2.57056
8.60381
12.0158
3.96994
2.2873
6.10744
10.9683
12.0478
11.0321
11.0252
12.2529
12.2532
11.393
12.157
12.3679
11.422
11.9917
11.261
9.87402
0.293235
9.64342
1.99295
6.82124
2.38333
9.37094
10.3406
5.96935
1.46402
11.3632
0.947654
10.3939
9.84272
2.25333
0.512819
8.60494
0.307107
6.54542
11.1108
0.730121
0.42868
1.32686
3.86774
10.2125
0.011538
0.464239
0.8915
2.17878
9.96312
3.65641
4.98493
4.20622
2.70832
2.90926
3.88279
3.20043
7.58479
0.634167
5.98945
4.56995
2.2677
2.22627
6.28894
1.93074
7.70916
3.08542
0.860228
1.80225
2.89156
1.0883
9.04027
3.07873
4.25262
0.941343
5.12694
6.69933
10.5119
8.9851
6.84541
1.39502
0.969
8.96142
2.63672
9.82851
9.97813
0.717861
12.2977
12.3753
11.0906
11.13
12.2339
11.3199
11.6835
11.2872
11.0236
11.8368
5.81994
4.86917
2.9654
0.456838
3.26034
2.12173
5.53052
0.630044
0.021692
1.15287
2.30522
10.3125
4.34282
1.47343
1.62455
5.06801
8.03025
3.38398
6.48681
7.85524
3.5952
6.78489
5.6275
5.59455
4.99308
1.97955
9.19733
7.74321
4.23963
3.49607
2.83038
1.82556
2.32129
6.68632
8.43713
6.5927
9.0043
1.12406
5.34118
5.10992
6.42774
9.65743
10.8284
10.5881
11.1979
11.2243
11.751
0.389998
3.01876
9.17987
5.66234
2.65384
2.33548
10.1956
10.7775
3.8518
6.07876
0.128255
7.89307
5.74913
9.95042
2.19744
2.15622
2.53447
9.85149
5.32537
9.54208
3.6602
6.14088
2.85968
0.717867
4.07958
3.2062
8.15314
2.35626
5.56665
6.37832
5.5666
2.1662
4.97912
3.34304
1.93531
5.34837
5.5069
2.17385
2.55225
0.233028
9.26409
2.25247
6.91386
7.5997
9.80961
0.642403
3.13295
10.6779
4.57874
10.2359
8.88145
0.793189
10.4764
5.20735
3.87436
8.55916
10.3469
8.4654
8.52401
2.84697
6.92152
4.29094
8.82206
2.55264
9.28994
6.68137
4.23666
3.19848
2.27593
7.16879
2.35923
4.12951
5.16279
1.29779
4.75544
2.85186
5.44098
6.27314
6.94738
10.6816
9.7983
10.9191
12.3953
10.8299
6.27706
6.43835
12.318
12.3956
10.5998
12.0173
11.6212
12.3326
11.6487
11.1484
11.0417
5.43712
5.54372
0.675925
9.12036
9.25585
7.85345
5.8189
3.08282
5.71834
11.7804
11.2425
10.7048
9.22964
0.003399
12.344
1.25181
0.101356
5.58918
0.707559
10.1572
5.54714
7.11933
6.17376
2.92052
4.33071
5.36231
4.72503
7.66574
9.3195
8.48259
8.61173
9.51158
0.749213
4.2587
11.1064
10.3565
4.87769
8.41884
1.85025
9.67126
1.00672
11.6936
10.8999
5.37335
0.545262
8.1431
5.33214
5.24146
7.79359
9.56005
3.20652
2.21536
8.44323
6.43661
5.65436
0.932141
8.03654
0.894223
3.70612
4.01078
1.79193
10.2387
5.12237
8.67234
9.29386
6.36817
3.5498
2.17653
2.2334
2.08764
9.41604
6.41696
10.0106
4.65309
5.89218
3.32772
2.05882
2.15117
7.99063
9.24813
6.94935
4.26477
2.90318
9.02443
7.39085
4.9555
7.67158
1.95829
9.04947
6.31131
6.31488
0.767248
1.82385
4.43873
3.97893
2.23094
1.89335
7.16786
1.2764
6.87411
3.5847
1.81681
3.98826
3.90918
5.03358
7.60769
4.78025
6.72595
5.12262
5.23159
3.35217
4.95232
0.761142
4.32174
7.91737
0.900151
9.51708
1.228
4.19653
3.16737
6.36983
1.0235
6.05476
11.0483
10.5774
9.83984
11.0038
11.5951
12.0965
11.6215
11.5225
0.445396
11.3943
11.7868
11.6066
12.0952
12.1255
10.8746
12.3096
10.8656
11.2684
10.714
10.7848
3.03084
2.77695
3.68507
9.95648
12.1474
9.11797
9.83408
0.624633
6.29281
2.80668
5.60456
3.85989
4.08012
3.212
6.66625
1.3723
2.59857
1.09611
0.203176
5.41031
0.016141
9.30372
2.2335
7.74066
0.809654
10.8107
10.5371
2.05009
7.57051
0.159483
1.43874
11.5949
0.08341
6.13695
6.03662
0.119798
0.050347
5.97009
15.306
12.4474
13.0014
13.2834
13.0797
12.6795
12.9359
12.9652
13.9974
14.6882
13.4162
13.4127
14.3014
14.5646
14.5643
14.0733
13.0844
13.0788
12.9908
14.3104
14.5304
12.6587
15.502
14.3396
15.3696
14.8476
13.2276
13.6486
13.7169
14.0637
19.3638
22.7301
20.8619
20.5866
21.0939
16.4512
20.9026
20.2102
17.1211
18.1257
16.6027
18.4824
18.6713
21.2294
16.0851
19.0391
16.9839
17.9986
20.3333
20.6233
16.6089
16.7027
20.1678
18.7593
17.5836
15.9182
15.8777
17.3608
15.6605
18.0835
15.6114
19.5889
16.1792
16.3584
19.9764
19.5502
16.8601
16.1664
18.9912
20.0621
21.7904
23.7433
24.2816
22.4434
24.2172
24.4721
21.4073
21.5607
20.5255
21.8954
22.5823
23.4101
21.4429
17.8093
20.8872
20.9238
20.467
21.8874
23.5666
23.3748
21.7159
24.6795
23.2463
22.6827
24.1989
22.3693
23.1288
18.7989
16.5267
16.5278
16.0229
20.2561
17.1832
18.7857
20.3265
20.9149
16.2666
16.9874
19.9799
15.5208
21.0589
23.5347
21.856
21.0242
16.425
16.4014
13.5514
14.8025
13.6373
13.4798
13.9043
14.5365
14.7827
13.8243
13.8113
14.0285
14.6442
15.1124
12.8952
14.449
14.4071
13.5964
12.9579
14.6685
15.1901
15.1313
12.6935
15.4226
15.7094
17.9813
16.3183
17.8245
18.4392
18.7753
18.9547
24.4382
19.1461
19.6646
17.2021
18.4586
16.9158
23.055
21.9594
23.3175
20.7003
24.0305
23.5954
21.2272
16.4508
20.3924
21.6108
24.6799
23.8824
15.5967
21.8029
17.5633
20.3595
18.6602
17.3142
18.6012
16.7493
19.3767
16.2132
16.0301
17.2032
18.5673
19.3348
19.2437
18.6716
19.3732
18.4152
18.8238
19.6742
17.9649
16.4276
16.7428
22.7597
18.4754
16.459
19.7056
24.1021
15.8195
21.7119
23.0415
16.4063
22.5189
23.4018
21.3484
22.4229
16.3596
17.3166
18.6131
23.9168
20.9172
15.9915
15.5971
14.8128
12.8135
13.0973
13.5918
13.2408
12.8189
14.6021
14.2723
16.1521
16.2969
18.4935
17.3594
19.6973
16.9736
17.604
19.0726
21.333
16.1879
20.0325
19.5444
16.4997
18.9091
18.688
21.3027
21.6871
22.3466
21.5677
23.1342
22.8211
24.2908
23.6393
22.8963
23.7934
23.8934
21.4194
17.6241
15.6766
24.6516
22.6327
24.065
15.6308
22.2703
23.1376
17.2421
15.3477
13.9858
12.7371
13.61
13.6556
14.408
14.188
13.2143
14.0222
14.341
14.6364
12.9361
17.8427
19.5812
18.5897
16.2844
17.9886
17.9444
18.041
17.6115
19.1139
16.929
16.5223
19.3343
16.3523
19.9185
19.5924
20.4361
20.8394
15.5704
24.1782
22.5819
24.6717
20.4097
23.6524
16.1221
18.2956
16.3315
16.3054
15.6224
15.9426
14.7115
15.3583
14.6221
13.3643
13.6826
12.8735
12.4664
13.6615
15.326
15.4
13.4612
13.6878
13.5499
13.9452
14.2943
14.5898
14.6903
14.5338
14.2524
13.0981
14.8788
13.8703
14.1666
14.7046
14.3051
13.4095
15.364
13.1912
14.6901
14.9304
15.4817
18.2874
20.2896
19.5984
15.6528
17.4563
17.6029
20.5945
16.0909
17.15
23.5708
18.4537
19.5206
16.6207
17.8997
20.3139
22.8749
19.2946
19.0464
16.9044
16.738
20.9581
21.1466
20.3962
20.1118
21.696
18.5674
17.3727
19.0316
18.8657
17.9662
18.6004
20.3551
20.4245
21.1833
24.5772
15.9122
22.121
