1.05683
0.461387
9.24377
8.47824
6.79738
10.2175
5.44937
4.83696
3.05112
9.19781
3.61216
3.92126
3.84284
6.95234
2.51468
6.36994
10.0687
1.93695
1.43
0.995823
6.03297
2.06442
7.24756
9.76224
7.60962
2.59096
3.20022
10.3264
0.843858
7.20382
9.8519
8.86774
2.53356
9.7477
7.35371
6.78442
7.26585
4.53897
7.26541
5.32585
6.52397
4.87652
7.00912
10.5169
5.7372
4.92297
1.31522
3.00875
6.57544
9.68087
1.30609
2.3523
9.07762
6.40172
4.8401
8.8266
8.72493
7.87403
7.73019
5.63979
3.48479
1.42058
6.07773
4.46934
0.759312
2.45526
8.20718
8.83909
4.40619
7.23254
4.83407
2.57292
1.37143
2.92425
11.5639
10.8233
11.1235
12.2811
11.0765
11.1598
11.0962
12.1926
10.7141
11.2649
12.2064
10.901
6.07954
3.29474
5.38128
3.75748
6.67868
7.76029
7.12717
9.31641
3.76194
0.30625
4.65066
11.2928
7.67231
0.736193
5.07461
4.45696
0.06466
9.01786
8.49987
9.95169
7.21678
6.29758
9.69388
12.1923
0.526727
9.01034
8.93975
7.07855
0.424028
8.46102
15.2851
13.6398
12.9561
14.5528
14.6591
12.7964
12.9901
13.7294
13.6795
12.5929
12.5121
15.4819
13.5889
12.6207
14.1557
14.1015
12.8451
14.6743
15.1485
12.5899
15.3699
13.7578
12.9624
14.9845
13.7387
12.9201
14.9068
15.3417
12.9917
14.713
14.9802
15.1554
12.9185
15.1087
15.3777
19.9705
18.1032
20.6781
20.0652
18.8595
18.5661
21.1188
19.0971
18.7352
18.0046
17.5212
16.4504
18.7508
20.4883
19.1993
18.0644
17.3244
19.526
16.2858
17.7973
17.5872
19.4583
18.0164
19.8428
18.732
18.3273
19.9242
18.1561
19.8303
17.0171
17.3569
16.6311
17.9344
19.276
20.9084
19.2873
16.0032
23.2891
20.3906
23.9116
24.532
20.7487
21.2973
16.194
20.7699
20.9304
22.9397
23.6002
15.5216
23.8755
23.7704
23.83
23.7677
22.6844
22.4707
23.7043
24.698
21.4722
22.7031
23.4581
24.5781
24.2118
24.0609
22.577
21.4769
20.843
15.9096
23.5986
23.2984
21.183
22.3777
22.1576
16.6137
22.766
17.381
22.3589
22.4547
24.8002
18.5336
16.5787
17.6448
19.1003
22.0278
19.1553
23.4278
22.2286
23.1413
22.6753
19.5903
15.6799
23.3872
22.6987
21.0585
20.2693
16.4013
20.0989
16.7531
19.4162
18.3326
17.6578
20.686
22.2295
17.7768
23.5324
24.3768
19.9984
21.4725
19.8817
15.9384
23.8553
24.4934
22.9899
17.4745
15.8106
23.9964
22.2722
27.7086
27.2974
30.2988
26.416
29.3106
25.8485
29.4955
27.0179
26.0549
27.139
25.2483
25.4357
25.7784
26.2941
28.6401
25.105
26.8323
27.7818
29.6737
27.157
26.9312
26.3207
28.4001
24.9623
26.3457
26.7848
29.1484
29.8936
28.3807
27.8715
30.6679
29.1079
25.4222
29.1073
28.1105
29.5091
25.1401
28.32
26.8164
27.7819
29.0128
27.6277
27.1609
27.9377
30.0436
25.9707
28.4895
28.3104
27.425
27.7804
25.4465
30.5701
25.2013
26.748
25.6966
30.6036
28.9995
30.2839
29.3515
30.1838
37.1793
31.2313
34.3104
31.9232
33.7661
32.8998
32.8138
35.2944
35.1542
36.9604
32.3152
34.2699
36.0748
33.1273
34.2633
35.0014
32.6935
36.3314
34.8028
36.8708
36.1751
33.6151
34.2406
34.7486
34.7491
33.6909
33.281
34.7752
35.0266
35.8824
34.3787
35.514
35.8142
31.7433
35.0086
32.6478
34.147
32.2162
34.4546
31.5122
31.8725
35.736
32.9253
31.643
35.8347
36.4679
33.366
31.9975
32.9015
31.4307
32.0705
38.6556
46.1119
42.3271
41.2497
40.9761
40.7816
39.4297
38.9479
38.2266
40.1565
37.7833
41.1994
40.5484
39.0076
39.3496
40.8888
37.7201
39.3798
39.7795
37.8976
37.2395
38.9465
39.2844
40.598
39.645
39.2154
42.8664
38.0159
38.3664
38.1675
38.279
38.5334
40.3781
39.1494
43.4375
41.4242
44.3388
44.6484
41.6604
45.9269
46.1608
44.3145
44.2144
45.9308
43.4179
45.5191
44.9661
44.9906
44.6612
44.1906
42.7262
42.3092
42.1819
42.9455
43.5102
43.4959
43.5976
46.149
42.6607
41.6881
43.0168
45.7147
44.7113
42.0912
44.9191
42.739
41.7432
37.3062
38.9111
39.544
38.6097
43.9449
37.7329
39.8644
37.964
40.1933
41.1321
41.4596
43.6887
42.0576
41.892
43.8096
39.426
46.406
43.7967
45.102
43.807
45.5047
45.5239
43.6177
44.2108
37.824
42.4878
43.0846
45.8886
46.5523
46.1576
41.0283
37.5845
45.6334
39.3918
48.5107
47.46
47.951
48.952
48.5133
47.7443
49.0844
48.8932
48.7291
49.2749
47.8406
48.0492
47.6318
46.5525
47.0356
46.9842
48.0623
46.6559
46.9408
48.7121
47.2595
47.5347
48.4665
49.3899
46.7539
48.2722
47.8053
51.6848
51.4979
51.7256
49.7068
50.9492
50.0508
50.1313
50.2945
50.7762
50.0325
49.9617
49.759
50.4477
50.2592
50.7018
52.0584
50.1615
51.5823
51.5702
51.7393
49.7545
59.9596
49.9159
61.9548
54.0459
56.5758
54.4096
58.6464
54.1846
55.5388
53.9784
53.4131
55.0995
55.1623
53.2338
51.1968
54.3628
53.9129
53.9462
58.373
56.8823
54.3348
57.3398
52.4993
57.9513
60.7975
57.8129
57.2203
58.2006
58.4591
55.9038
55.7584
57.3391
54.3065
59.0379
53.0779
60.6805
56.93
59.6686
56.4398
55.2152
54.981
57.157
61.3214
56.8428
56.1933
59.6438
52.8351
52.4341
58.2711
56.6476
60.7123
58.3566
53.8822
52.5173
60.9494
53.8894
51.8769
50.9781
51.8224
57.6996
57.369
54.049
53.7605
56.125
54.0486
58.6154
54.9407
52.5538
58.6777
57.3849
55.8435
60.9328
57.5337
53.4552
57.3917
54.3781
50.6123
50.0985
54.3662
50.2313
56.0112
54.4551
52.6335
56.8361
59.6663
59.7014
60.4631
56.592
60.8391
57.9615
55.2584
59.8336
55.6163
56.4174
50.4674
56.0149
54.9452
54.1075
51.5006
54.3593
61.3473
59.0133
55.1982
61.5924
51.8424
56.3945
57.1813
56.3731
53.4084
61.8791
60.0947
55.1101
59.5548
55.6943
11.2323
0.126757
3.60468
5.29743
6.75711
8.71909
9.36662
1.43703
2.87501
6.98296
7.93283
2.87824
7.03322
3.95447
5.59928
9.88257
10.1467
12.3469
10.9875
11.9201
10.5562
10.628
4.8375
6.34576
10.9982
12.2596
8.85265
3.08604
8.40213
10.3068
9.95124
4.74171
6.86592
4.84312
8.83191
5.8132
4.4131
6.93899
9.43867
8.43374
8.97312
0.858244
2.33615
5.04711
7.51642
5.43775
4.37094
3.27932
6.30351
3.94071
8.21232
5.80878
7.5777
8.26274
4.65339
6.84722
4.96951
8.30843
6.19983
9.16696
7.62185
7.90087
10.254
9.46584
11.4271
12.4051
10.5292
10.7367
10.9755
2.97075
0.375287
4.94131
8.90042
4.14978
7.24788
6.3164
3.20792
1.7933
9.02314
9.13848
6.94174
9.74279
4.44443
2.91615
10.0779
7.31944
9.1829
7.79194
10.309
0.524403
10.4209
11.3235
12.1501
12.2626
11.9639
10.2122
10.9596
9.30239
12.1684
6.46274
9.81156
10.1837
5.29836
5.04558
5.01669
11.8509
4.10946
4.05101
11.4084
12.2756
6.37613
7.34494
7.68421
9.05566
6.35643
9.60439
14.4736
13.896
13.0218
13.5255
15.0197
14.6392
19.6679
19.0826
18.8001
17.3526
19.1841
19.7459
23.2198
22.7224
24.1357
17.4125
16.0494
16.3564
21.4062
16.319
24.7377
22.3657
13.4951
13.3585
13.7219
14.7354
14.825
13.5263
13.3945
15.1237
12.6705
13.8914
13.9704
14.8286
14.5747
14.2969
13.3198
14.1713
12.7056
12.8317
13.195
12.5929
13.3094
13.8992
14.8885
12.8654
13.9023
14.3267
15.3633
17.9724
16.6717
18.2907
20.2346
18.8834
17.0614
17.8263
18.9945
17.3371
18.7781
15.5559
15.7065
20.5122
23.7519
21.8589
21.9011
22.4228
22.9771
21.6934
24.1475
21.5565
15.6947
21.9525
22.7197
24.6693
17.8437
15.8271
16.9187
16.7427
19.0729
23.6241
22.2528
22.8635
24.4872
15.6166
17.0694
15.9997
15.8914
16.0498
24.035
24.0442
26.2136
26.1705
25.1376
25.4236
25.771
24.9469
26.625
26.1731
26.7875
26.5911
25.9344
27.6681
28.1299
25.8804
24.986
27.0353
30.2633
27.3104
26.3402
26.6676
25.2553
27.1412
26.7466
27.9001
26.6884
29.0267
26.8163
26.5287
24.939
27.4565
29.9454
25.9137
26.2717
25.3065
27.5831
25.6972
25.5697
30.1277
30.2301
29.946
26.2724
28.8758
30.187
27.9432
34.9836
35.7688
34.6319
37.1258
34.2946
36.7385
31.6148
32.879
36.9048
34.7825
35.3887
33.0229
36.0781
35.1382
35.4645
35.4931
34.7859
36.1331
34.7633
33.7135
33.6682
33.5455
36.9138
33.9636
36.867
32.661
34.6837
33.3554
35.7945
32.3931
35.3119
35.3509
36.7401
35.188
31.4589
33.6802
36.3492
35.2416
37.0692
34.1848
35.69
39.6731
44.5232
45.5837
38.8698
39.7459
39.0303
41.3963
42.2273
42.5464
39.71
45.4762
45.6883
43.2563
44.4873
44.6936
45.2915
39.1727
44.1752
42.3836
45.1949
43.7104
38.0039
46.2447
46.8869
49.0258
48.3695
48.2101
47.353
48.3292
46.9945
46.7701
41.8445
41.4166
41.0356
44.2888
37.5933
39.248
39.6585
42.2753
37.3013
38.0937
38.0342
39.5861
38.3593
37.4477
40.0248
46.132
39.2919
38.1128
40.4732
42.2192
41.0961
43.4071
44.3196
43.8867
45.8528
45.3718
42.0595
44.3809
43.9564
42.7777
42.0553
41.449
44.8081
40.7238
40.4827
39.7495
38.8657
